10
103
190 2384 2590 3213 3245 4022 4707 5590 7079 8445 9464 10801 11702 13251 14096 14478 14491 14528 14725 15687 15738 15850 16445 17261 20621 21800 22207 22559 23245 23349 23995 24096 25540 25588 26681 26859 28466 29050 29076 29175 30149 33007 33202 34183 34197 35257 36179 36925 37561 37700 38176 38560 39626 40131 40154 40729 40757 41489 42678 42791 43035 43109 45322 47292 48589 48903 50263 51141 51238 51690 52129 52483 52808 53160 53717 55745 56364 59188 59239 60086 61779 64651 65497 66505 67723 68169 68246 69688 70308 70676 71022 72338 72855 72900 73041 74263 76743 77985 79581 79860 84009 84270 85689
97
3284 3820 4575 4893 7305 9451 10147 10343 12190 13316 14229 14238 14518 14642 15009 16054 16674 17154 17201 17327 17348 18199 18755 18952 20838 22362 22772 22890 23330 25611 27019 29402 29938 30249 31400 35560 35732 37042 37309 37963 39181 40840 41041 41674 41771 41845 42789 43039 45891 46527 47075 48388 52078 53431 54225 54708 54739 54909 55618 55741 55937 57706 58993 59402 59866 60475 62024 63667 64301 64488 64609 65068 65746 66538 69874 70960 71443 73306 73428 73492 73668 73716 75942 76129 76615 77291 77387 79081 80757 81170 81815 82835 84034 84277 84772 85247 86290
94
2422 3614 4007 4947 5107 5115 5265 6480 8181 9824 12014 13575 13785 15761 16019 16611 17012 17722 19341 19602 19878 21384 21802 22642 23247 24220 25600 25688 26187 27290 30059 31037 31460 32292 32794 32841 33281 33839 35632 37329 39552 40061 40194 42125 42869 44346 44693 44944 46593 49163 49504 49713 50107 50808 52699 52802 53092 53334 54225 54728 56129 56460 57210 57398 58090 59399 60429 61707 62415 62676 64301 64457 64864 67016 67423 69162 70449 73380 73521 74453 74886 75381 75735 78162 79581 79989 80208 81065 81289 85109 85151 85598 85829 85973
98
1892 2037 2559 3367 3967 5645 6499 7134 8100 8858 9115 9402 9725 9745 10441 10801 14262 14873 15676 16010 17931 18330 18442 19730 20257 21409 21460 21784 23056 23693 23924 24545 24621 26266 27134 28137 28320 28973 29195 31232 31744 34922 35301 36953 37206 37546 37760 38507 38658 40328 42880 44279 44706 44760 45735 47173 47810 49099 51060 51081 51303 51444 52172 53141 53202 55365 55369 55600 55881 56765 57278 57670 59203 60467 60739 61930 62291 63727 64422 66135 66268 67127 67873 70760 71995 72650 72652 72941 74377 75546 76141 77063 79602 79968 82887 83041 84027 86208
111
8 682 766 1370 1509 1975 3047 3371 3878 5358 5452 5455 5922 6013 7388 8490 9935 10566 11274 12497 12867 13478 14236 14537 14602 14817 16003 16318 16672 17010 17063 17350 19417 19889 19909 20126 21320 23615 24112 24625 25358 25397 26325 26545 26546 26651 27693 29042 31233 34197 35082 36144 37200 37847 38211 39920 40663 40918 41923 42592 43014 44079 45301 46880 48171 49077 49895 50303 50750 50877 52280 54650 54825 54986 58468 58575 58999 59054 59399 59515 59918 61783 63721 64776 65180 66601 66995 67594 67737 68691 69253 71080 73146 73613 74132 74762 76937 77143 77635 78905 80193 81040 82639 82845 84445 84608 84914 85176 85291 85405 85478
91
218 328 696 1231 3335 3410 4494 7402 8417 10739 12750 13623 14197 14315 14845 17591 18781 24219 26788 26847 28580 28808 29133 29152 30438 30530 30674 31389 32454 32869 34420 34944 36504 36576 37635 39264 41146 41301 42376 42497 42887 44299 44658 44900 45336 45377 48234 48336 52682 53259 54756 55347 55794 55917 57210 57897 58228 58904 58939 59353 61227 61622 61809 62128 62144 63268 65485 67336 67401 68094 69561 69863 72412 74123 74388 74812 75062 76254 76309 76680 77076 77461 77503 79540 80235 80965 83671 84110 84366 85959 85981
103
585 1064 1118 1617 1859 2408 2898 3094 3370 3426 4839 5321 6359 7567 8030 9570 10622 14938 15991 16275 16521 16799 16818 17277 17647 17916 19575 20964 21399 25173 26008 26484 26533 27500 30843 30865 32091 32364 32631 32862 33034 34798 37120 37608 37720 38135 38936 39685 40502 42214 42450 43159 43402 44196 46649 47321 47355 47450 48378 48980 49337 50408 50707 53112 53703 53945 54118 54300 54476 56174 56789 58099 58265 58346 59402 61323 62217 63511 64848 65242 66083 66363 68328 68416 68558 70533 70544 73831 74070 74170 74883 75585 76277 76303 76367 76689 80068 80402 81942 82189 84054 85428 85942
117
426 885 1914 4214 6996 7173 7592 8331 8875 9092 9911 9927 11352 11496 12959 13097 13392 13786 15085 15793 15999 16272 17362 17643 18279 18316 18374 18440 18688 18866 19307 19498 19699 20522 22913 22985 26144 27280 27664 28840 29955 30273 30751 31163 31300 31634 33102 34549 35094 36444 37256 37919 38756 39157 39491 40142 40675 40754 41050 41091 41555 42083 43772 43997 44886 45254 45347 46067 46316 48194 48612 51262 52626 54887 55245 56434 57568 57868 59627 59661 59966 61064 62629 63914 63975 64133 64218 64928 65990 66000 66539 66778 66951 67312 68113 68208 68468 69076 69089 69145 69386 71513 72987 73076 73628 74122 74330 74571 75800 76567 76658 76855 82349 82969 83171 83779 83815
95
949 2209 2360 2984 6110 7126 8029 8905 9206 10622 11938 12908 14800 14812 18129 18862 19205 19711 20324 21190 21862 23748 25582 25765 26854 27069 27445 28493 28716 29147 29745 31126 32267 33024 34786 36098 36174 36210 36585 37447 38064 38240 39313 40257 41835 42001 42495 44745 45731 46291 46430 46530 47321 49776 50883 51238 51365 51603 53262 56010 56695 59136 59691 59715 60566 61324 61651 63346 64013 64185 64511 64836 65079 65260 65581 67761 70051 72712 74026 74629 75802 76711 77314 77503 78122 78403 78711 79099 80078 80806 81035 82223 83439 83934 85202
91
439 522 1216 1563 6148 6886 7438 8640 12322 12522 12557 12598 13292 14769 16455 19275 21724 21769 22128 22188 22612 23450 24975 26386 26640 27974 28068 28557 29179 29908 30283 30402 31887 31901 32074 33274 33404 33575 33891 34096 35550 37591 37715 37813 37915 38240 38645 41792 41951 42093 42241 42395 43947 47196 48208 48232 49305 49463 51002 52555 55490 56042 58421 59183 60010 60349 60458 61268 63531 65041 65075 65152 66275 66910 66932 68475 68626 68842 69078 69219 69721 70338 71278 72972 77315 80194 80513 81080 81301 83653 83813
